[2.006107156172305, 
0.10017181958914444, 
-1.9900147359117764, 
-2.0244419418897657, 
0.5669482994122488, 
0.20115351350196695, 
-1.9991158485286418, 
0.03854448190718312, 
0.03303391539854269, 
-0.8667333985909076, 
0.07877860600987682, 
1.1182058090281022, 
-0.03409703887851245, 
-0.9385962328540924, 
-0.04440800471735849, 
-0.02669124960765502, 
0.999440446348114, 
1.0519767904047674, 
0.0003921781408625301, 
-0.005743539880333148, 
0.009989050121784181, 
-1.1800162874410223,
 1.5938158284391346,
-1.9907319440443982, 
-0.3866483365553621, 
1.991571597470905, 
1.9949383762533988,
1.8878924150238292, 
0.0319685407477604, 
-0.0004034648731928428, 
-0.09361700304251465,
0.2814097452135635, 
1.3292772292847244, 
-0.871801521384615, 
-0.3597956653752429, 
-0.0041386872796008965,
0.0004135570503725671, 
0.0023425944752911293, 
0.006829157816666504, 
1.1978584698566812, 
0.046131366722953746, 
-0.0005693373142747897, 
-0.8875814849014785, 
0.07508903725397244, 
1.084486051758938, 
0.5805981864868907, 
0.1692652163984967, 
0.25019682345647204,
0.7561263871458314,
-0.10308042116654098, 
0.31186535083321576,
0.012588582556416148, 
1.38209233801033, 
-1.3148486027703505, 
-0.1161178589994745]